   3.3427490234375000e+01   1.3576269531250000e+02
   3.3454990386962891e+01   1.3577220153808594e+02
   3.3570270538330078e+01   1.3541220092773438e+02
   3.3654148101806641e+01   1.3533659362792969e+02
   3.3694438934326172e+01   1.3539830017089844e+02
   3.3751380920410156e+01   1.3532020568847656e+02
   3.3801101684570313e+01   1.3520440673828125e+02
   3.3874710083007813e+01   1.3514300537109375e+02
   3.3873321533203125e+01   1.3506610107421875e+02
   3.3978038787841797e+01   1.3509269714355469e+02
   3.4023040771484375e+01   1.3515989685058594e+02
   3.4116939544677734e+01   1.3512989807128906e+02
   3.4139148712158203e+01   1.3519720458984375e+02
   3.4258041381835938e+01   1.3506410217285156e+02
   3.4292758941650391e+01   1.3507470703125000e+02
   3.4439990997314453e+01   1.3535220336914063e+02
   3.4545269012451172e+01   1.3545109558105469e+02
   3.4631649017333984e+01   1.3545440673828125e+02
   3.4712768554687500e+01   1.3534660339355469e+02
   3.4670551300048828e+01   1.3519470214843750e+02
   3.4624710083007813e+01   1.3509910583496094e+02
   3.4632770538330078e+01   1.3497270202636719e+02
   3.4756649017333984e+01   1.3476249694824219e+02
   3.4762489318847656e+01   1.3458610534667969e+02
   3.4759159088134766e+01   1.3445610046386719e+02
   3.4721660614013672e+01   1.3441909790039063e+02
   3.4689159393310547e+01   1.3424940490722656e+02
   3.4584709167480469e+01   1.3412719726562500e+02
   3.4585819244384766e+01   1.3394110107421875e+02
   3.4562480926513672e+01   1.3392630004882813e+02
   3.4581890106201172e+01   1.3402259826660156e+02
   3.4576930999755859e+01   1.3404640197753906e+02
   3.4454429626464844e+01   1.3394299316406250e+02
   3.4431381225585938e+01   1.3379879760742188e+02
   3.4520820617675781e+01   1.3372219848632813e+02
   3.4466930389404297e+01   1.3341799926757813e+02
   3.4356380462646484e+01   1.3335440063476563e+02
   3.4317211151123047e+01   1.3327270507812500e+02
   3.4362491607666016e+01   1.3331689453125000e+02
   3.4422210693359375e+01   1.3326469421386719e+02
   3.4344989776611328e+01   1.3318110656738281e+02
   3.4306098937988281e+01   1.3320719909667969e+02
   3.4250541687011719e+01   1.3308940124511719e+02
   3.4298038482666016e+01   1.3306469726562500e+02
   3.4345539093017578e+01   1.3310490417480469e+02
   3.4309989929199219e+01   1.3312080383300781e+02
   3.4355548858642578e+01   1.3316999816894531e+02
   3.4378601074218750e+01   1.3314630126953125e+02
   3.4382488250732422e+01   1.3308439636230469e+02
   3.4339710235595703e+01   1.3307470703125000e+02
   3.4286380767822266e+01   1.3285299682617188e+02
   3.4308601379394531e+01   1.3282299804687500e+02
   3.4201381683349609e+01   1.3266239929199219e+02
   3.4190540313720703e+01   1.3255079650878906e+02
   3.4339988708496094e+01   1.3252909851074219e+02
   3.4364990234375000e+01   1.3240499877929688e+02
   3.4314990997314453e+01   1.3230270385742188e+02
   3.4238040924072266e+01   1.3222410583496094e+02
   3.4155269622802734e+01   1.3224079895019531e+02
   3.4060821533203125e+01   1.3220109558105469e+02
   3.3995540618896484e+01   1.3221409606933594e+02
   3.3947208404541016e+01   1.3215939331054688e+02
   3.3941928863525391e+01   1.3212879943847656e+02
   3.3842491149902344e+01   1.3215829467773438e+02
   3.3791931152343750e+01   1.3205329895019531e+02
   3.3828319549560547e+01   1.3210659790039063e+02
   3.3866649627685547e+01   1.3210360717773438e+02
   3.3999710083007813e+01   1.3184860229492188e+02
   3.3960540771484375e+01   1.3178860473632813e+02
   3.3993320465087891e+01   1.3179409790039063e+02
   3.4015819549560547e+01   1.3182609558105469e+02
   3.4053600311279297e+01   1.3174580383300781e+02
   3.3994159698486328e+01   1.3153520202636719e+02
   3.4002769470214844e+01   1.3145799255371094e+02
   3.3976379394531250e+01   1.3139610290527344e+02
   3.4033870697021484e+01   1.3139750671386719e+02
   3.3993881225585938e+01   1.3135910034179688e+02
   3.3920551300048828e+01   1.3126719665527344e+02
   3.3988319396972656e+01   1.3113130187988281e+02
   3.4040271759033203e+01   1.3103329467773438e+02
   3.3914989471435547e+01   1.3091470336914063e+02
   3.3937210083007813e+01   1.3087829589843750e+02
   3.3980258941650391e+01   1.3090609741210938e+02
   3.4099151611328125e+01   1.3085859680175781e+02
   3.4168880462646484e+01   1.3092520141601563e+02
   3.4327491760253906e+01   1.3088720703125000e+02
   3.4356380462646484e+01   1.3094970703125000e+02
   3.4366649627685547e+01   1.3101159667968750e+02
   3.4391651153564453e+01   1.3099969482421875e+02
   3.4389991760253906e+01   1.3093440246582031e+02
   3.4425270080566406e+01   1.3096499633789063e+02
   3.4365550994873047e+01   1.3115739440917969e+02
   3.4402488708496094e+01   1.3117019653320313e+02
   3.4430820465087891e+01   1.3122520446777344e+02
   3.4368881225585938e+01   1.3120770263671875e+02
   3.4417209625244141e+01   1.3140020751953125e+02
   3.4603321075439453e+01   1.3155470275878906e+02
   3.4811100006103516e+01   1.3197770690917969e+02
   3.4997489929199219e+01   1.3220190429687500e+02
   3.5115261077880859e+01   1.3238360595703125e+02
   3.5201099395751953e+01   1.3246830749511719e+02
   3.5286380767822266e+01   1.3263890075683594e+02
   3.5365821838378906e+01   1.3268080139160156e+02
   3.5409988403320313e+01   1.3262860107421875e+02
   3.5440540313720703e+01   1.3268110656738281e+02
   3.5542209625244141e+01   1.3304640197753906e+02
   3.5583320617675781e+01   1.3309410095214844e+02
   3.5554439544677734e+01   1.3324360656738281e+02
   3.5564708709716797e+01   1.3332409667968750e+02
   3.5533870697021484e+01   1.3325050354003906e+02
   3.5485538482666016e+01   1.3326550292968750e+02
   3.5451648712158203e+01   1.3332829284667969e+02
   3.5446380615234375e+01   1.3341470336914063e+02
   3.5504161834716797e+01   1.3351409912109375e+02
   3.5516651153564453e+01   1.3359550476074219e+02
   3.5491378784179688e+01   1.3386770629882813e+02
   3.5576930999755859e+01   1.3430880737304688e+02
   3.5642208099365234e+01   1.3457969665527344e+02
   3.5633319854736328e+01   1.3490049743652344e+02
   3.5752490997314453e+01   1.3516799926757813e+02
   3.5762210845947266e+01   1.3522219848632813e+02
   3.5691101074218750e+01   1.3530360412597656e+02
   3.5545551300048828e+01   1.3520829772949219e+02
   3.5559429168701172e+01   1.3525770568847656e+02
   3.5534431457519531e+01   1.3524360656738281e+02
   3.5508880615234375e+01   1.3532470703125000e+02
   3.5439430236816406e+01   1.3531300354003906e+02
   3.5476100921630859e+01   1.3540159606933594e+02
   3.5524711608886719e+01   1.3534579467773438e+02
   3.5545818328857422e+01   1.3535130310058594e+02
   3.5588039398193359e+01   1.3546110534667969e+02
   3.5522491455078125e+01   1.3547439575195313e+02
   3.5491378784179688e+01   1.3557299804687500e+02
   3.5535549163818359e+01   1.3566110229492188e+02
   3.5491100311279297e+01   1.3564019775390625e+02
   3.5476379394531250e+01   1.3571359252929688e+02
   3.5499988555908203e+01   1.3575329589843750e+02
   3.5536930084228516e+01   1.3569740295410156e+02
   3.5556659698486328e+01   1.3572329711914063e+02
   3.5518318176269531e+01   1.3580360412597656e+02
   3.5573600769042969e+01   1.3585049438476563e+02
   3.5633041381835938e+01   1.3582220458984375e+02
   3.5611930847167969e+01   1.3596800231933594e+02
   3.5706100463867188e+01   1.3596440124511719e+02
   3.5742210388183594e+01   1.3601750183105469e+02
   3.5702770233154297e+01   1.3604800415039063e+02
   3.5669429779052734e+01   1.3603489685058594e+02
   3.5648601531982422e+01   1.3607269287109375e+02
   3.5762760162353516e+01   1.3609860229492188e+02
   3.5957210540771484e+01   1.3596130371093750e+02
   3.6090549468994141e+01   1.3603579711914063e+02
   3.6329151153564453e+01   1.3630520629882813e+02
   3.6369709014892578e+01   1.3638240051269531e+02
   3.6655818939208984e+01   1.3664909362792969e+02
   3.6831378936767578e+01   1.3675160217285156e+02
   3.6965259552001953e+01   1.3676770019531250e+02
   3.7136379241943359e+01   1.3667999267578125e+02
   3.7321929931640625e+01   1.3673609924316406e+02
   3.7373600006103516e+01   1.3682189941406250e+02
   3.7519710540771484e+01   1.3726080322265625e+02
   3.7514709472656250e+01   1.3734019470214844e+02
   3.7442489624023438e+01   1.3736079406738281e+02
   3.7419158935546875e+01   1.3726579284667969e+02
   3.7373600006103516e+01   1.3724020385742188e+02
   3.7331378936767578e+01   1.3727250671386719e+02
   3.7286098480224609e+01   1.3723609924316406e+02
   3.7283870697021484e+01   1.3713360595703125e+02
   3.7181930541992188e+01   1.3703739929199219e+02
   3.7215820312500000e+01   1.3693190002441406e+02
   3.7065540313720703e+01   1.3687159729003906e+02
   3.7091098785400391e+01   1.3705050659179688e+02
   3.6924430847167969e+01   1.3703379821777344e+02
   3.6856098175048828e+01   1.3699000549316406e+02
   3.6783329010009766e+01   1.3706990051269531e+02
   3.6747760772705078e+01   1.3728080749511719e+02
   3.6789710998535156e+01   1.3738549804687500e+02
   3.6916099548339844e+01   1.3743220520019531e+02
   3.7096099853515625e+01   1.3799749755859375e+02
   3.7353038787841797e+01   1.3851770019531250e+02
   3.7379428863525391e+01   1.3856440734863281e+02
   3.7580268859863281e+01   1.3874020385742188e+02
   3.7770549774169922e+01   1.3881219482421875e+02
   3.7868881225585938e+01   1.3891859436035156e+02
   3.7993881225585938e+01   1.3923579406738281e+02
   3.8151660919189453e+01   1.3942439270019531e+02
   3.8555271148681641e+01   1.3955189514160156e+02
   3.8785259246826172e+01   1.3976220703125000e+02
   3.9159709930419922e+01   1.3990409851074219e+02
   3.9262210845947266e+01   1.3991769409179688e+02
   3.9331928253173828e+01   1.4000190734863281e+02
   3.9522769927978516e+01   1.4006219482421875e+02
   3.9779148101806641e+01   1.4004719543457031e+02
   3.9853599548339844e+01   1.3999769592285156e+02
   3.9889709472656250e+01   1.3993190002441406e+02
   3.9857490539550781e+01   1.3976080322265625e+02
   3.9961380004882813e+01   1.3969999694824219e+02
   3.9994159698486328e+01   1.3970660400390625e+02
   3.9958049774169922e+01   1.3980520629882813e+02
   3.9965820312500000e+01   1.3985409545898438e+02
   4.0020820617675781e+01   1.3991969299316406e+02
   4.0204429626464844e+01   1.4002220153808594e+02
   4.0318878173828125e+01   1.4002470397949219e+02
   4.0408039093017578e+01   1.3994020080566406e+02
   4.0507209777832031e+01   1.3994490051269531e+02
   4.0553600311279297e+01   1.3992329406738281e+02
   4.0585540771484375e+01   1.3985519409179688e+02
   4.0650539398193359e+01   1.3992219543457031e+02
   4.0746929168701172e+01   1.4002470397949219e+02
   4.0771648406982422e+01   1.4021879577636719e+02
   4.0806659698486328e+01   1.4026879882812500e+02
   4.1011100769042969e+01   1.4032220458984375e+02
   4.0979988098144531e+01   1.4037829589843750e+02
   4.1081661224365234e+01   1.4032609558105469e+02
   4.1124710083007813e+01   1.4026390075683594e+02
   4.1134708404541016e+01   1.4032080078125000e+02
   4.1241378784179688e+01   1.4033830261230469e+02
   4.1228870391845703e+01   1.4039610290527344e+02
   4.1181381225585938e+01   1.4046110534667969e+02
   4.1220539093017578e+01   1.4055189514160156e+02
   4.1186378479003906e+01   1.4063439941406250e+02
   4.0925540924072266e+01   1.4066079711914063e+02
   4.0851940155029297e+01   1.4069720458984375e+02
   4.0821380615234375e+01   1.4074969482421875e+02
   4.0830268859863281e+01   1.4081550598144531e+02
   4.0890541076660156e+01   1.4087159729003906e+02
   4.0974990844726563e+01   1.4086909484863281e+02
   4.0982208251953125e+01   1.4092770385742188e+02
   4.0860538482666016e+01   1.4111610412597656e+02
   4.0869159698486328e+01   1.4115939331054688e+02
   4.0991100311279297e+01   1.4123300170898438e+02
   4.1149711608886719e+01   1.4127909851074219e+02
   4.1229988098144531e+01   1.4122889709472656e+02
   4.1261661529541016e+01   1.4117970275878906e+02
   4.1177211761474609e+01   1.4106269836425781e+02
   4.1153881072998047e+01   1.4086659240722656e+02
   4.1122760772705078e+01   1.4080610656738281e+02
   4.1138599395751953e+01   1.4077360534667969e+02
   4.1233318328857422e+01   1.4077630615234375e+02
   4.1523601531982422e+01   1.4090879821777344e+02
   4.1470539093017578e+01   1.4108749389648438e+02
   4.1434429168701172e+01   1.4114120483398438e+02
   4.1362209320068359e+01   1.4120860290527344e+02
   4.1339710235595703e+01   1.4130079650878906e+02
   4.1368320465087891e+01   1.4140690612792969e+02
   4.1409709930419922e+01   1.4145359802246094e+02
   4.1387489318847656e+01   1.4147380065917969e+02
   4.1096931457519531e+01   1.4139410400390625e+02
   4.0598598480224609e+01   1.4145880126953125e+02
   4.0527210235595703e+01   1.4151109313964844e+02
   4.0530269622802734e+01   1.4158270263671875e+02
   4.0267208099365234e+01   1.4182020568847656e+02
   4.0219989776611328e+01   1.4184129333496094e+02
   4.0186649322509766e+01   1.4180610656738281e+02
   4.0145549774169922e+01   1.4187489318847656e+02
   4.0088329315185547e+01   1.4183360290527344e+02
   4.0005260467529297e+01   1.4190660095214844e+02
   3.9991649627685547e+01   1.4194740295410156e+02
   3.9652759552001953e+01   1.4197889709472656e+02
   3.9591381072998047e+01   1.4195390319824219e+02
   3.9640270233154297e+01   1.4202270507812500e+02
   3.9546649932861328e+01   1.4206970214843750e+02
   3.9461380004882813e+01   1.4195550537109375e+02
   3.9442489624023438e+01   1.4199159240722656e+02
   3.9477771759033203e+01   1.4204080200195313e+02
   3.9422489166259766e+01   1.4203829956054688e+02
   3.9383319854736328e+01   1.4194549560546875e+02
   3.9324710845947266e+01   1.4190660095214844e+02
   3.9345268249511719e+01   1.4198249816894531e+02
   3.9311100006103516e+01   1.4197689819335938e+02
   3.9270820617675781e+01   1.4189999389648438e+02
   3.9225269317626953e+01   1.4195249938964844e+02
   3.9198040008544922e+01   1.4187440490722656e+02
   3.9177761077880859e+01   1.4192500305175781e+02
   3.9146930694580078e+01   1.4184550476074219e+02
   3.9104431152343750e+01   1.4191830444335938e+02
   3.9051929473876953e+01   1.4181939697265625e+02
   3.9020820617675781e+01   1.4185110473632813e+02
   3.9029991149902344e+01   1.4172799682617188e+02
   3.8955539703369141e+01   1.4173359680175781e+02
   3.8943599700927734e+01   1.4170579528808594e+02
   3.8993320465087891e+01   1.4168879699707031e+02
   3.8993320465087891e+01   1.4163330078125000e+02
   3.8851100921630859e+01   1.4166130065917969e+02
   3.8885540008544922e+01   1.4160830688476563e+02
   3.8873600006103516e+01   1.4158050537109375e+02
   3.8817760467529297e+01   1.4159330749511719e+02
   3.8774711608886719e+01   1.4152250671386719e+02
   3.8714710235595703e+01   1.4156660461425781e+02
   3.8665271759033203e+01   1.4146249389648438e+02
   3.8637760162353516e+01   1.4150160217285156e+02
   3.8631378173828125e+01   1.4153579711914063e+02
   3.8568599700927734e+01   1.4146409606933594e+02
   3.8528049468994141e+01   1.4154240417480469e+02
   3.8478599548339844e+01   1.4153939819335938e+02
   3.8462211608886719e+01   1.4149330139160156e+02
   3.8403049468994141e+01   1.4147489929199219e+02
   3.8358600616455078e+01   1.4152659606933594e+02
   3.8266380310058594e+01   1.4152580261230469e+02
   3.8338039398193359e+01   1.4142550659179688e+02
   3.8379161834716797e+01   1.4142550659179688e+02
   3.8376930236816406e+01   1.4119189453125000e+02
   3.8313880920410156e+01   1.4117300415039063e+02
   3.8364429473876953e+01   1.4109579467773438e+02
   3.8317760467529297e+01   1.4104409790039063e+02
   3.8300270080566406e+01   1.4108299255371094e+02
   3.8204151153564453e+01   1.4098300170898438e+02
   3.8033599853515625e+01   1.4092300415039063e+02
   3.7812210083007813e+01   1.4094799804687500e+02
   3.7649990081787109e+01   1.4102360534667969e+02
   3.7374980926513672e+01   1.4103909301757813e+02
   3.6987770080566406e+01   1.4097549438476563e+02
   3.6936100006103516e+01   1.4093080139160156e+02
   3.6903320312500000e+01   1.4082690429687500e+02
   3.6530540466308594e+01   1.4063659667968750e+02
   3.6421649932861328e+01   1.4060580444335938e+02
   3.6368881225585938e+01   1.4062489318847656e+02
   3.6247489929199219e+01   1.4056550598144531e+02
   3.6094440460205078e+01   1.4059300231933594e+02
   3.5688880920410156e+01   1.4085719299316406e+02
   3.5674991607666016e+01   1.4068110656738281e+02
   3.5596099853515625e+01   1.4054550170898438e+02
   3.5503879547119141e+01   1.4045080566406250e+02
   3.5385269165039063e+01   1.4039799499511719e+02
   3.5233879089355469e+01   1.4041639709472656e+02
   3.5131378173828125e+01   1.4033470153808594e+02
   3.5015270233154297e+01   1.4000219726562500e+02
   3.4912769317626953e+01   1.3995689392089844e+02
   3.4889991760253906e+01   1.3986360168457031e+02
   3.4949428558349609e+01   1.3977380371093750e+02
   3.4993881225585938e+01   1.3986689758300781e+02
   3.5154148101806641e+01   1.3982440185546875e+02
   3.5214431762695313e+01   1.3987910461425781e+02
   3.5278881072998047e+01   1.3984880065917969e+02
   3.5298870086669922e+01   1.3978129577636719e+02
   3.5341381072998047e+01   1.3990629577636719e+02
   3.5409160614013672e+01   1.3990829467773438e+02
   3.5534431457519531e+01   1.4010189819335938e+02
   3.5564708709716797e+01   1.4011000061035156e+02
   3.5651931762695313e+01   1.4000860595703125e+02
   3.5655269622802734e+01   1.3993159484863281e+02
   3.5619709014892578e+01   1.3989630126953125e+02
   3.5633319854736328e+01   1.3977720642089844e+02
   3.5560260772705078e+01   1.3976049804687500e+02
   3.5514991760253906e+01   1.3978610229492188e+02
   3.5458881378173828e+01   1.3964549255371094e+02
   3.5406940460205078e+01   1.3969160461425781e+02
   3.5389709472656250e+01   1.3963609313964844e+02
   3.5270259857177734e+01   1.3967689514160156e+02
   3.5253601074218750e+01   1.3974580383300781e+02
   3.5139148712158203e+01   1.3968080139160156e+02
   3.5126659393310547e+01   1.3962080383300781e+02
   3.5271930694580078e+01   1.3957220458984375e+02
   3.5304149627685547e+01   1.3944940185546875e+02
   3.5289440155029297e+01   1.3928379821777344e+02
   3.5239990234375000e+01   1.3917550659179688e+02
   3.5184989929199219e+01   1.3914079284667969e+02
   3.5133880615234375e+01   1.3915859985351563e+02
   3.5129711151123047e+01   1.3912770080566406e+02
   3.5057209014892578e+01   1.3908830261230469e+02
   3.4928878784179688e+01   1.3915109252929688e+02
   3.4874710083007813e+01   1.3913859558105469e+02
   3.4725551605224609e+01   1.3900129699707031e+02
   3.4637760162353516e+01   1.3893409729003906e+02
   3.4593879699707031e+01   1.3885330200195313e+02
   3.4621658325195313e+01   1.3879609680175781e+02
   3.4684429168701172e+01   1.3874470520019531e+02
   3.4995540618896484e+01   1.3878080749511719e+02
   3.5008880615234375e+01   1.3889379882812500e+02
   3.5033870697021484e+01   1.3890739440917969e+02
   3.5109989166259766e+01   1.3878190612792969e+02
   3.5124439239501953e+01   1.3871049499511719e+02
   3.5094711303710938e+01   1.3857389831542969e+02
   3.4986660003662109e+01   1.3850379943847656e+02
   3.4980819702148438e+01   1.3853269958496094e+02
   3.4901660919189453e+01   1.3836689758300781e+02
   3.4851650238037109e+01   1.3832969665527344e+02
   3.4806659698486328e+01   1.3834219360351563e+02
   3.4666099548339844e+01   1.3820520019531250e+02
   3.4616100311279297e+01   1.3820140075683594e+02
   3.4581928253173828e+01   1.3822579956054688e+02
   3.4652210235595703e+01   1.3798249816894531e+02
   3.4653598785400391e+01   1.3765769958496094e+02
   3.4655540466308594e+01   1.3747239685058594e+02
   3.4564708709716797e+01   1.3703610229492188e+02
   3.4578319549560547e+01   1.3702380371093750e+02
   3.4639991760253906e+01   1.3706990051269531e+02
   3.4652488708496094e+01   1.3717770385742188e+02
   3.4709148406982422e+01   1.3734469604492188e+02
   3.4770549774169922e+01   1.3732139587402344e+02
   3.4798038482666016e+01   1.3722410583496094e+02
   3.4757209777832031e+01   1.3705020141601563e+02
   3.4806930541992188e+01   1.3698880004882813e+02
   3.4919429779052734e+01   1.3698019409179688e+02
   3.4846660614013672e+01   1.3692939758300781e+02
   3.4774990081787109e+01   1.3691690063476563e+02
   3.4688320159912109e+01   1.3697410583496094e+02
   3.4714160919189453e+01   1.3688969421386719e+02
   3.4746658325195313e+01   1.3684739685058594e+02
   3.4810550689697266e+01   1.3686749267578125e+02
   3.4886661529541016e+01   1.3682470703125000e+02
   3.4944988250732422e+01   1.3683189392089844e+02
   3.5069149017333984e+01   1.3689689636230469e+02
   3.5019989013671875e+01   1.3671380615234375e+02
   3.4974990844726563e+01   1.3665379333496094e+02
   3.4854160308837891e+01   1.3663969421386719e+02
   3.4746379852294922e+01   1.3653720092773438e+02
   3.4692489624023438e+01   1.3651939392089844e+02
   3.4600818634033203e+01   1.3653579711914063e+02
   3.4476379394531250e+01   1.3685800170898438e+02
   3.4431659698486328e+01   1.3691740417480469e+02
   3.4379428863525391e+01   1.3689579772949219e+02
   3.4273601531982422e+01   1.3690159606933594e+02
   3.4244159698486328e+01   1.3685270690917969e+02
   3.4256649017333984e+01   1.3677409362792969e+02
   3.4269989013671875e+01   1.3677940368652344e+02
   3.4273040771484375e+01   1.3684629821777344e+02
   3.4303050994873047e+01   1.3685490417480469e+02
   3.4286098480224609e+01   1.3670329284667969e+02
   3.4325550079345703e+01   1.3672610473632813e+02
   3.4333320617675781e+01   1.3667829895019531e+02
   3.4256938934326172e+01   1.3660719299316406e+02
   3.4270549774169922e+01   1.3652110290527344e+02
   3.4224708557128906e+01   1.3650909423828125e+02
   3.4172771453857422e+01   1.3632220458984375e+02
   3.4138050079345703e+01   1.3629080200195313e+02
   3.4100269317626953e+01   1.3631689453125000e+02
   3.4078601837158203e+01   1.3628469848632813e+02
   3.4103599548339844e+01   1.3625439453125000e+02
   3.4070270538330078e+01   1.3621749877929688e+02
   3.3981658935546875e+01   1.3627769470214844e+02
   3.3870819091796875e+01   1.3610409545898438e+02
   3.3592769622802734e+01   1.3593469238281250e+02
   3.3541370391845703e+01   1.3591859436035156e+02
   3.3427490234375000e+01   1.3576269531250000e+02
   3.4294708251953125e+01   1.2933999633789063e+02
   3.4355819702148438e+01   1.2935130310058594e+02
   3.4341381072998047e+01   1.2924690246582031e+02
   3.4524429321289063e+01   1.2933520507812500e+02
   3.4556930541992188e+01   1.2930020141601563e+02
   3.4633880615234375e+01   1.2933500671386719e+02
   3.4628601074218750e+01   1.2938490295410156e+02
   3.4685440063476563e+01   1.2947300720214844e+02
   3.4628040313720703e+01   1.2950019836425781e+02
   3.4616100311279297e+01   1.2945019531250000e+02
   3.4579151153564453e+01   1.2948519897460938e+02
   3.4452209472656250e+01   1.2940330505371094e+02
   3.4387210845947266e+01   1.2936970520019531e+02
   3.4322490692138672e+01   1.2938049316406250e+02
   3.4294708251953125e+01   1.2933999633789063e+02
   3.4184711456298828e+01   1.3475520324707031e+02
   3.4259708404541016e+01   1.3466659545898438e+02
   3.4296939849853516e+01   1.3466690063476563e+02
   3.4579990386962891e+01   1.3497329711914063e+02
   3.4574989318847656e+01   1.3502799987792969e+02
   3.4530509948730469e+01   1.3500010681152344e+02
   3.4418048858642578e+01   1.3490910339355469e+02
   3.4321098327636719e+01   1.3491720581054688e+02
   3.4275539398193359e+01   1.3495329284667969e+02
   3.4197208404541016e+01   1.3482159423828125e+02
   3.4184711456298828e+01   1.3475520324707031e+02
   2.8115270614624023e+01   1.2937550354003906e+02
   2.8178329467773438e+01   1.2927999877929688e+02
   2.8221099853515625e+01   1.2927409362792969e+02
   2.8234989166259766e+01   1.2915769958496094e+02
   2.8254989624023438e+01   1.2922360229492188e+02
   2.8245279312133789e+01   1.2925889587402344e+02
   2.8275550842285156e+01   1.2929020690917969e+02
   2.8294160842895508e+01   1.2923219299316406e+02
   2.8363050460815430e+01   1.2933189392089844e+02
   2.8390270233154297e+01   1.2945689392089844e+02
   2.8497669219970703e+01   1.2969079589843750e+02
   2.8435550689697266e+01   1.2971830749511719e+02
   2.8249439239501953e+01   1.2942250061035156e+02
   2.8211380004882813e+01   1.2946549987792969e+02
   2.8115270614624023e+01   1.2937550354003906e+02
   3.2693878173828125e+01   1.3059249877929688e+02
   3.2794990539550781e+01   1.3060159301757813e+02
   3.2919158935546875e+01   1.3043080139160156e+02
   3.3053050994873047e+01   1.3042770385742188e+02
   3.3103321075439453e+01   1.3038299560546875e+02
   3.3181659698486328e+01   1.3021690368652344e+02
   3.3093601226806641e+01   1.3011770629882813e+02
   3.2949428558349609e+01   1.3021769714355469e+02
   3.2851100921630859e+01   1.3009579467773438e+02
   3.2835269927978516e+01   1.3013020324707031e+02
   3.2867210388183594e+01   1.3030130004882813e+02
   3.2848598480224609e+01   1.3033410644531250e+02
   3.2766380310058594e+01   1.3037660217285156e+02
   3.2654148101806641e+01   1.3033270263671875e+02
   3.2590259552001953e+01   1.3016940307617188e+02
   3.2673599243164063e+01   1.3013130187988281e+02
   3.2680820465087891e+01   1.3016439819335938e+02
   3.2728599548339844e+01   1.3020300292968750e+02
   3.2785820007324219e+01   1.3016830444335938e+02
   3.2743320465087891e+01   1.2994470214843750e+02
   3.2640548706054688e+01   1.2989300537109375e+02
   3.2561100006103516e+01   1.2974609375000000e+02
   3.2599151611328125e+01   1.2978739929199219e+02
   3.2716381072998047e+01   1.2985859680175781e+02
   3.2812210083007813e+01   1.2977110290527344e+02
   3.2792488098144531e+01   1.2973190307617188e+02
   3.2961929321289063e+01   1.2963439941406250e+02
   3.3079990386962891e+01   1.2968220520019531e+02
   3.3067760467529297e+01   1.2972659301757813e+02
   3.3006099700927734e+01   1.2977299499511719e+02
   3.2979431152343750e+01   1.2982080078125000e+02
   3.2910549163818359e+01   1.2983250427246094e+02
   3.2937210083007813e+01   1.2979519653320313e+02
   3.2878601074218750e+01   1.2980409240722656e+02
   3.2830539703369141e+01   1.3000799560546875e+02
   3.3012760162353516e+01   1.2992689514160156e+02
   3.3080539703369141e+01   1.2973800659179688e+02
   3.3134159088134766e+01   1.2976019287109375e+02
   3.3096370697021484e+01   1.2966549682617188e+02
   3.3158329010009766e+01   1.2966969299316406e+02
   3.3207210540771484e+01   1.2956379699707031e+02
   3.3311378479003906e+01   1.2957470703125000e+02
   3.3368881225585938e+01   1.2960220336914063e+02
   3.3338600158691406e+01   1.2970249938964844e+02
   3.3358600616455078e+01   1.2976390075683594e+02
   3.3328880310058594e+01   1.2980549621582031e+02
   3.3279991149902344e+01   1.2985270690917969e+02
   3.3385540008544922e+01   1.2987800598144531e+02
   3.3437770843505859e+01   1.2979800415039063e+02
   3.3468330383300781e+01   1.2981410217285156e+02
   3.3438320159912109e+01   1.2986720275878906e+02
   3.3538879394531250e+01   1.2986439514160156e+02
   3.3503601074218750e+01   1.2996659851074219e+02
   3.3466941833496094e+01   1.2995269775390625e+02
   3.3447769165039063e+01   1.3002799987792969e+02
   3.3543880462646484e+01   1.3016909790039063e+02
   3.3541099548339844e+01   1.3011470031738281e+02
   3.3579990386962891e+01   1.3009829711914063e+02
   3.3654991149902344e+01   1.3021830749511719e+02
   3.3609989166259766e+01   1.3024330139160156e+02
   3.3582771301269531e+01   1.3036270141601563e+02
   3.3625549316406250e+01   1.3041520690917969e+02
   3.3665538787841797e+01   1.3041720581054688e+02
   3.3645549774169922e+01   1.3036250305175781e+02
   3.3654430389404297e+01   1.3033830261230469e+02
   3.3729709625244141e+01   1.3046440124511719e+02
   3.3809711456298828e+01   1.3045719909667969e+02
   3.3936378479003906e+01   1.3070390319824219e+02
   3.3880260467529297e+01   1.3090190124511719e+02
   3.3950820922851563e+01   1.3099659729003906e+02
   3.3938041687011719e+01   1.3101519775390625e+02
   3.3810550689697266e+01   1.3095579528808594e+02
   3.3612491607666016e+01   1.3109579467773438e+02
   3.3593601226806641e+01   1.3122239685058594e+02
   3.3568050384521484e+01   1.3142300415039063e+02
   3.3662490844726563e+01   1.3150770568847656e+02
   3.3672489166259766e+01   1.3156219482421875e+02
   3.3647491455078125e+01   1.3166969299316406e+02
   3.3537208557128906e+01   1.3174110412597656e+02
   3.3413879394531250e+01   1.3170140075683594e+02
   3.3340549468994141e+01   1.3157800292968750e+02
   3.3355258941650391e+01   1.3152299499511719e+02
   3.3331661224365234e+01   1.3149969482421875e+02
   3.3261379241943359e+01   1.3151910400390625e+02
   3.3245540618896484e+01   1.3157890319824219e+02
   3.3251098632812500e+01   1.3190249633789063e+02
   3.3111930847167969e+01   1.3181799316406250e+02
   3.3114990234375000e+01   1.3191130065917969e+02
   3.3064990997314453e+01   1.3187489318847656e+02
   3.3081100463867188e+01   1.3194940185546875e+02
   3.3042488098144531e+01   1.3201190185546875e+02
   3.3034709930419922e+01   1.3193580627441406e+02
   3.2975269317626953e+01   1.3189909362792969e+02
   3.2945819854736328e+01   1.3193249511718750e+02
   3.2925819396972656e+01   1.3207159423828125e+02
   3.2822780609130859e+01   1.3195140075683594e+02
   3.2816101074218750e+01   1.3200190734863281e+02
   3.2786098480224609e+01   1.3194380187988281e+02
   3.2580539703369141e+01   1.3173469543457031e+02
   3.2581928253173828e+01   1.3169740295410156e+02
   3.2516380310058594e+01   1.3168380737304688e+02
   3.2487209320068359e+01   1.3173190307617188e+02
   3.2462768554687500e+01   1.3170910644531250e+02
   3.2457599639892578e+01   1.3165559387207031e+02
   3.2417758941650391e+01   1.3166769409179688e+02
   3.2384990692138672e+01   1.3162860107421875e+02
   3.1880550384521484e+01   1.3144689941406250e+02
   3.1794719696044922e+01   1.3149270629882813e+02
   3.1680549621582031e+01   1.3146130371093750e+02
   3.1553329467773438e+01   1.3138299560546875e+02
   3.1489440917968750e+01   1.3139720153808594e+02
   3.1366659164428711e+01   1.3132800292968750e+02
   3.1382770538330078e+01   1.3124769592285156e+02
   3.1460830688476563e+01   1.3120019531250000e+02
   3.1441659927368164e+01   1.3105969238281250e+02
   3.1351940155029297e+01   1.3100300598144531e+02
   3.1341939926147461e+01   1.3105659484863281e+02
   3.1306940078735352e+01   1.3110969543457031e+02
   3.1120269775390625e+01   1.3094270324707031e+02
   3.0996660232543945e+01   1.3066639709472656e+02
   3.1073049545288086e+01   1.3067720031738281e+02
   3.1123880386352539e+01   1.3074249267578125e+02
   3.1318330764770508e+01   1.3079829406738281e+02
   3.1540550231933594e+01   1.3069639587402344e+02
   3.1566659927368164e+01   1.3060189819335938e+02
   3.1591379165649414e+01   1.3060440063476563e+02
   3.1620269775390625e+01   1.3067160034179688e+02
   3.1603609085083008e+01   1.3071659851074219e+02
   3.1558610916137695e+01   1.3071800231933594e+02
   3.1553329467773438e+01   1.3075109863281250e+02
   3.1604719161987305e+01   1.3079580688476563e+02
   3.1692770004272461e+01   1.3080270385742188e+02
   3.1724990844726563e+01   1.3067109680175781e+02
   3.1671379089355469e+01   1.3060719299316406e+02
   3.1454160690307617e+01   1.3051409912109375e+02
   3.1324159622192383e+01   1.3056379699707031e+02
   3.1260269165039063e+01   1.3066490173339844e+02
   3.1178880691528320e+01   1.3063549804687500e+02
   3.1156379699707031e+01   1.3057829284667969e+02
   3.1234159469604492e+01   1.3047970581054688e+02
   3.1246110916137695e+01   1.3023410034179688e+02
   3.1271659851074219e+01   1.3022830200195313e+02
   3.1405830383300781e+01   1.3011970520019531e+02
   3.1424160003662109e+01   1.3016470336914063e+02
   3.1380830764770508e+01   1.3022410583496094e+02
   3.1462219238281250e+01   1.3030880737304688e+02
   3.1633329391479492e+01   1.3033380126953125e+02
   3.1765829086303711e+01   1.3017750549316406e+02
   3.1852489471435547e+01   1.3019270324707031e+02
   3.1921100616455078e+01   1.3020860290527344e+02
   3.2006938934326172e+01   1.3016239929199219e+02
   3.2061939239501953e+01   1.3019720458984375e+02
   3.2086101531982422e+01   1.3017630004882813e+02
   3.2124721527099609e+01   1.3021020507812500e+02
   3.2102489471435547e+01   1.3026879882812500e+02
   3.2442489624023438e+01   1.3056970214843750e+02
   3.2558601379394531e+01   1.3056990051269531e+02
   3.2607208251953125e+01   1.3065080261230469e+02
   3.2647499084472656e+01   1.3065829467773438e+02
   3.2618598937988281e+01   1.3047439575195313e+02
   3.2633598327636719e+01   1.3045610046386719e+02
   3.2693878173828125e+01   1.3059249877929688e+02
   4.1397491455078125e+01   1.4020249938964844e+02
   4.1419158935546875e+01   1.4006970214843750e+02
   4.1541099548339844e+01   1.3998719787597656e+02
   4.1662769317626953e+01   1.4000489807128906e+02
   4.1885818481445313e+01   1.4014360046386719e+02
   4.1981380462646484e+01   1.4013890075683594e+02
   4.2090820312500000e+01   1.4004910278320313e+02
   4.2214710235595703e+01   1.3981520080566406e+02
   4.2295818328857422e+01   1.3976860046386719e+02
   4.2467769622802734e+01   1.3984469604492188e+02
   4.2596660614013672e+01   1.3982910156250000e+02
   4.2653598785400391e+01   1.3986329650878906e+02
   4.2742771148681641e+01   1.4012910461425781e+02
   4.2813320159912109e+01   1.4018130493164063e+02
   4.2754711151123047e+01   1.4026519775390625e+02
   4.2773040771484375e+01   1.4031219482421875e+02
   4.2881378173828125e+01   1.4036860656738281e+02
   4.3000541687011719e+01   1.4052879333496094e+02
   4.3150539398193359e+01   1.4042160034179688e+02
   4.3189708709716797e+01   1.4034689331054688e+02
   4.3235538482666016e+01   1.4032139587402344e+02
   4.3318878173828125e+01   1.4035830688476563e+02
   4.3367488861083984e+01   1.4047489929199219e+02
   4.3188598632812500e+01   1.4079550170898438e+02
   4.3227489471435547e+01   1.4101220703125000e+02
   4.3180538177490234e+01   1.4100630187988281e+02
   4.3137760162353516e+01   1.4115879821777344e+02
   4.3145259857177734e+01   1.4121719360351563e+02
   4.3249149322509766e+01   1.4136720275878906e+02
   4.3321659088134766e+01   1.4142520141601563e+02
   4.3404991149902344e+01   1.4143519592285156e+02
   4.3533599853515625e+01   1.4135330200195313e+02
   4.3578880310058594e+01   1.4138690185546875e+02
   4.3696098327636719e+01   1.4133549499511719e+02
   4.3779708862304688e+01   1.4137629699707031e+02
   4.3883880615234375e+01   1.4160330200195313e+02
   4.3994709014892578e+01   1.4166329956054688e+02
   4.4294708251953125e+01   1.4165080261230469e+02
   4.4417209625244141e+01   1.4174519348144531e+02
   4.4667758941650391e+01   1.4179750061035156e+02
   4.4850269317626953e+01   1.4176579284667969e+02
   4.5184158325195313e+01   1.4157580566406250e+02
   4.5304988861083984e+01   1.4161630249023438e+02
   4.5343040466308594e+01   1.4165249633789063e+02
   4.5405818939208984e+01   1.4163360595703125e+02
   4.5439990997314453e+01   1.4165109252929688e+02
   4.5436100006103516e+01   1.4168249511718750e+02
   4.5401660919189453e+01   1.4169050598144531e+02
   4.5416660308837891e+01   1.4181379699707031e+02
   4.5505519866943359e+01   1.4195869445800781e+02
   4.5384429931640625e+01   1.4206860351562500e+02
   4.5205818176269531e+01   1.4231129455566406e+02
   4.4809429168701172e+01   1.4270970153808594e+02
   4.4504989624023438e+01   1.4310110473632813e+02
   4.4219150543212891e+01   1.4365879821777344e+02
   4.4184989929199219e+01   1.4377609252929688e+02
   4.4181930541992188e+01   1.4367909240722656e+02
   4.4097209930419922e+01   1.4376440429687500e+02
   4.4092769622802734e+01   1.4393249511718750e+02
   4.4132209777832031e+01   1.4399719238281250e+02
   4.4112491607666016e+01   1.4416270446777344e+02
   4.4094989776611328e+01   1.4417160034179688e+02
   4.4084709167480469e+01   1.4412629699707031e+02
   4.4029148101806641e+01   1.4410580444335938e+02
   4.4014709472656250e+01   1.4414939880371094e+02
   4.4116649627685547e+01   1.4423970031738281e+02
   4.4115821838378906e+01   1.4425770568847656e+02
   4.4000270843505859e+01   1.4431159973144531e+02
   4.3959709167480469e+01   1.4435240173339844e+02
   4.3917758941650391e+01   1.4461770629882813e+02
   4.3912490844726563e+01   1.4477270507812500e+02
   4.4045551300048828e+01   1.4495689392089844e+02
   4.4341381072998047e+01   1.4532940673828125e+02
   4.4279991149902344e+01   1.4537440490722656e+02
   4.4185260772705078e+01   1.4533270263671875e+02
   4.3895549774169922e+01   1.4510969543457031e+02
   4.3758880615234375e+01   1.4507020568847656e+02
   4.3325550079345703e+01   1.4535549926757813e+02
   4.3292488098144531e+01   1.4538270568847656e+02
   4.3342208862304688e+01   1.4527690124511719e+02
   4.3314990997314453e+01   1.4525610351562500e+02
   4.3230819702148438e+01   1.4550689697265625e+02
   4.3338039398193359e+01   1.4558610534667969e+02
   4.3391101837158203e+01   1.4575239562988281e+02
   4.3373600006103516e+01   1.4581829833984375e+02
   4.3306098937988281e+01   1.4568380737304688e+02
   4.3267768859863281e+01   1.4557800292968750e+02
   4.3161651611328125e+01   1.4552720642089844e+02
   4.3164440155029297e+01   1.4529580688476563e+02
   4.3126659393310547e+01   1.4513659667968750e+02
   4.3095829010009766e+01   1.4511770629882813e+02
   4.3041660308837891e+01   1.4510690307617188e+02
   4.2973598480224609e+01   1.4492660522460938e+02
   4.2997489929199219e+01   1.4484829711914063e+02
   4.3036098480224609e+01   1.4483659362792969e+02
   4.3044708251953125e+01   1.4479879760742188e+02
   4.2990821838378906e+01   1.4473519897460938e+02
   4.2930271148681641e+01   1.4477940368652344e+02
   4.2929149627685547e+01   1.4447889709472656e+02
   4.2954990386962891e+01   1.4437910461425781e+02
   4.2995819091796875e+01   1.4435519409179688e+02
   4.2959709167480469e+01   1.4414770507812500e+02
   4.2849151611328125e+01   1.4389270019531250e+02
   4.2436939239501953e+01   1.4343110656738281e+02
   4.2293880462646484e+01   1.4333410644531250e+02
   4.2042758941650391e+01   1.4331689453125000e+02
   4.1925270080566406e+01   1.4324630737304688e+02
   4.2123600006103516e+01   1.4286720275878906e+02
   4.2340820312500000e+01   1.4231359863281250e+02
   4.2587768554687500e+01   1.4184800720214844e+02
   4.2616100311279297e+01   1.4165879821777344e+02
   4.2572490692138672e+01   1.4144549560546875e+02
   4.2370540618896484e+01   1.4107020568847656e+02
   4.2295269012451172e+01   1.4099299621582031e+02
   4.2308040618896484e+01   1.4093879699707031e+02
   4.2329990386962891e+01   1.4093690490722656e+02
   4.2414989471435547e+01   1.4090190124511719e+02
   4.2544708251953125e+01   1.4076190185546875e+02
   4.2574989318847656e+01   1.4069490051269531e+02
   4.2577491760253906e+01   1.4049940490722656e+02
   4.2567760467529297e+01   1.4046159362792969e+02
   4.2448600769042969e+01   1.4033909606933594e+02
   4.2344989776611328e+01   1.4028469848632813e+02
   4.2267490386962891e+01   1.4028019714355469e+02
   4.2237209320068359e+01   1.4030299377441406e+02
   4.2108318328857422e+01   1.4053489685058594e+02
   4.2126098632812500e+01   1.4071969604492188e+02
   4.1788879394531250e+01   1.4117750549316406e+02
   4.1707489013671875e+01   1.4101159667968750e+02
   4.1738880157470703e+01   1.4071080017089844e+02
   4.1773319244384766e+01   1.4071690368652344e+02
   4.1804149627685547e+01   1.4072830200195313e+02
   4.1826099395751953e+01   1.4067610168457031e+02
   4.1810821533203125e+01   1.4063490295410156e+02
   4.1734149932861328e+01   1.4060270690917969e+02
   4.1679710388183594e+01   1.4045019531250000e+02
   4.1605548858642578e+01   1.4043249511718750e+02
   4.1539710998535156e+01   1.4044439697265625e+02
   4.1397491455078125e+01   1.4020249938964844e+02
   3.2709430694580078e+01   1.3299859619140625e+02
   3.2766651153564453e+01   1.3294219970703125e+02
   3.2749988555908203e+01   1.3264160156250000e+02
   3.2833881378173828e+01   1.3266130065917969e+02
   3.2879989624023438e+01   1.3271159362792969e+02
   3.2904991149902344e+01   1.3271629333496094e+02
   3.2889991760253906e+01   1.3250160217285156e+02
   3.2927211761474609e+01   1.3248880004882813e+02
   3.3024150848388672e+01   1.3248629760742188e+02
   3.3105819702148438e+01   1.3245050048828125e+02
   3.3160820007324219e+01   1.3245770263671875e+02
   3.3240261077880859e+01   1.3253219604492188e+02
   3.3245269775390625e+01   1.3247740173339844e+02
   3.3295818328857422e+01   1.3251519775390625e+02
   3.3304710388183594e+01   1.3238220214843750e+02
   3.3442211151123047e+01   1.3241720581054688e+02
   3.3456100463867188e+01   1.3231689453125000e+02
   3.3349708557128906e+01   1.3203300476074219e+02
   3.3610271453857422e+01   1.3249220275878906e+02
   3.3669990539550781e+01   1.3263549804687500e+02
   3.3752208709716797e+01   1.3269580078125000e+02
   3.3872489929199219e+01   1.3270610046386719e+02
   3.3895549774169922e+01   1.3275889587402344e+02
   3.3987770080566406e+01   1.3277720642089844e+02
   3.4087490081787109e+01   1.3292300415039063e+02
   3.4126098632812500e+01   1.3293469238281250e+02
   3.4027210235595703e+01   1.3303610229492188e+02
   3.3955818176269531e+01   1.3306469726562500e+02
   3.3912490844726563e+01   1.3314250183105469e+02
   3.3978870391845703e+01   1.3340379333496094e+02
   3.3961380004882813e+01   1.3352409362792969e+02
   3.4047771453857422e+01   1.3362300109863281e+02
   3.4136928558349609e+01   1.3364579772949219e+02
   3.4194988250732422e+01   1.3363769531250000e+02
   3.4245269775390625e+01   1.3356219482421875e+02
   3.4232490539550781e+01   1.3365629577636719e+02
   3.4248050689697266e+01   1.3373300170898438e+02
   3.4375541687011719e+01   1.3393130493164063e+02
   3.4336650848388672e+01   1.3408050537109375e+02
   3.4385269165039063e+01   1.3412879943847656e+02
   3.4378879547119141e+01   1.3416020202636719e+02
   3.4327770233154297e+01   1.3415829467773438e+02
   3.4337768554687500e+01   1.3426159667968750e+02
   3.4288051605224609e+01   1.3425939941406250e+02
   3.4205268859863281e+01   1.3444189453125000e+02
   3.4187210083007813e+01   1.3460969543457031e+02
   3.4163051605224609e+01   1.3463890075683594e+02
   3.4064899444580078e+01   1.3460380554199219e+02
   3.3990261077880859e+01   1.3460079956054688e+02
   3.3934989929199219e+01   1.3469299316406250e+02
   3.3898319244384766e+01   1.3469889831542969e+02
   3.3839710235595703e+01   1.3464500427246094e+02
   3.3826099395751953e+01   1.3475300598144531e+02
   3.3634159088134766e+01   1.3439610290527344e+02
   3.3390541076660156e+01   1.3422489929199219e+02
   3.3238319396972656e+01   1.3418769836425781e+02
   3.3474151611328125e+01   1.3392500305175781e+02
   3.3516929626464844e+01   1.3374380493164063e+02
   3.3505260467529297e+01   1.3360969543457031e+02
   3.3326930999755859e+01   1.3325549316406250e+02
   3.3142768859863281e+01   1.3322720336914063e+02
   3.3149711608886719e+01   1.3319580078125000e+02
   3.3003318786621094e+01   1.3302079772949219e+02
   3.2818599700927734e+01   1.3296440124511719e+02
   3.2742210388183594e+01   1.3302549743652344e+02
   3.2709430694580078e+01   1.3299859619140625e+02
   3.7793598175048828e+01   1.3824769592285156e+02
   3.7809429168701172e+01   1.3821080017089844e+02
   3.7936649322509766e+01   1.3832769775390625e+02
   3.7976379394531250e+01   1.3833380126953125e+02
   3.7998600006103516e+01   1.3829519653320313e+02
   3.7966930389404297e+01   1.3825219726562500e+02
   3.8006649017333984e+01   1.3823049926757813e+02
   3.8161098480224609e+01   1.3830470275878906e+02
   3.8308601379394531e+01   1.3846690368652344e+02
   3.8303878784179688e+01   1.3851660156250000e+02
   3.8281188964843750e+01   1.3851089477539063e+02
   3.8059158325195313e+01   1.3844889831542969e+02
   3.8079990386962891e+01   1.3854609680175781e+02
   3.8067760467529297e+01   1.3858000183105469e+02
   3.7918048858642578e+01   1.3851220703125000e+02
   3.7823600769042969e+01   1.3837550354003906e+02
   3.7793598175048828e+01   1.3824769592285156e+02
   3.2194438934326172e+01   1.2998550415039063e+02
   3.2245540618896484e+01   1.3000939941406250e+02
   3.2240821838378906e+01   1.2995520019531250e+02
   3.2285259246826172e+01   1.3000270080566406e+02
   3.2355510711669922e+01   1.2997099304199219e+02
   3.2498321533203125e+01   1.3002720642089844e+02
   3.2543598175048828e+01   1.3015049743652344e+02
   3.2488319396972656e+01   1.3019659423828125e+02
   3.2341098785400391e+01   1.3020970153808594e+02
   3.2194988250732422e+01   1.3002999877929688e+02
   3.2194438934326172e+01   1.2998550415039063e+02
   3.0238880157470703e+01   1.3057020568847656e+02
   3.0247489929199219e+01   1.3045190429687500e+02
   3.0371940612792969e+01   1.3038189697265625e+02
   3.0454990386962891e+01   1.3047380065917969e+02
   3.0442920684814453e+01   1.3052349853515625e+02
   3.0385269165039063e+01   1.3066130065917969e+02
   3.0287769317626953e+01   1.3064939880371094e+02
   3.0238880157470703e+01   1.3057020568847656e+02
   3.0354999542236328e+01   1.3087910461425781e+02
   3.0438049316406250e+01   1.3086300659179688e+02
   3.0789440155029297e+01   1.3100830078125000e+02
   3.0822750091552734e+01   1.3107420349121094e+02
   3.0701379776000977e+01   1.3107659912109375e+02
   3.0390550613403320e+01   1.3096969604492188e+02
   3.0354999542236328e+01   1.3087910461425781e+02
   3.2586650848388672e+01   1.2877270507812500e+02
   3.2611660003662109e+01   1.2861019897460938e+02
   3.2661098480224609e+01   1.2861860656738281e+02
   3.2696269989013672e+01   1.2865240478515625e+02
   3.2771381378173828e+01   1.2864830017089844e+02
   3.2774711608886719e+01   1.2869219970703125e+02
   3.2779430389404297e+01   1.2877470397949219e+02
   3.2799709320068359e+01   1.2880520629882813e+02
   3.2648330688476563e+01   1.2890220642089844e+02
   3.2642768859863281e+01   1.2877609252929688e+02
   3.2586650848388672e+01   1.2877270507812500e+02
   2.6078880310058594e+01   1.2768409729003906e+02
   2.6083049774169922e+01   1.2765280151367188e+02
   2.6252220153808594e+01   1.2768689727783203e+02
   2.6306940078735352e+01   1.2774389648437500e+02
   2.6428600311279297e+01   1.2771610260009766e+02
   2.6544439315795898e+01   1.2795890045166016e+02
   2.6594440460205078e+01   1.2795140075683594e+02
   2.6615829467773438e+01   1.2787830352783203e+02
   2.6690280914306641e+01   1.2787689971923828e+02
   2.6684160232543945e+01   1.2799389648437500e+02
   2.6641380310058594e+01   1.2798750305175781e+02
   2.6642499923706055e+01   1.2806739807128906e+02
   2.6855039596557617e+01   1.2828759765625000e+02
   2.6811939239501953e+01   1.2832910156250000e+02
   2.6705270767211914e+01   1.2830859375000000e+02
   2.6628610610961914e+01   1.2824020385742188e+02
   2.6588329315185547e+01   1.2813189697265625e+02
   2.6556659698486328e+01   1.2814329528808594e+02
   2.6436380386352539e+01   1.2784970092773438e+02
   2.6414159774780273e+01   1.2783660125732422e+02
   2.6309999465942383e+01   1.2791660308837891e+02
   2.6308610916137695e+01   1.2781890106201172e+02
   2.6196390151977539e+01   1.2776409912109375e+02
   2.6187219619750977e+01   1.2781800079345703e+02
   2.6119720458984375e+01   1.2777999877929688e+02
   2.6078880310058594e+01   1.2768409729003906e+02