131.15  43.4187
131.293  43.4789
133.126  45.1238
133.915  46.2638
134.775  47.7228
135.083  48.411
135.085  48.4193
135.086  48.4234
135.086  48.4343
135.084  48.4385
135.083  48.4411
135.076  48.4499
135.073  48.4534
135.068  48.456
125.604  53.0761
125.195  53.1929
123.623  53.5429
123.605  53.5468
123.518  53.5547
123.272  53.5579
122.339  53.5008
122.33  53.5001
121.866  53.425
121.684  53.3892
121.5  53.336
121.488  53.3326
121.184  52.5944
122.389  47.344
123.012  46.4189
123.171  46.2467
124.394  45.4394
128.896  43.5401
129.003  43.5194
131.15  43.4187
