151.081  43.4187
151.51  43.5994
157.009  48.534
159.377  51.9539
161.957  56.3309
162.879  58.3955
162.886  58.4204
162.889  58.4329
162.889  58.4656
162.884  58.4781
162.879  58.4859
162.859  58.5124
162.85  58.5228
162.834  58.5307
134.444  72.3908
133.217  72.7414
128.501  73.7913
128.446  73.803
128.185  73.8266
127.448  73.8364
124.65  73.6648
124.62  73.6629
123.23  73.4374
122.683  73.3301
122.13  73.1706
122.097  73.1605
121.184  70.9457
124.798  55.1946
126.667  52.4194
127.144  51.9026
130.814  49.4809
144.318  43.783
144.641  43.7208
151.081  43.4187
